start (simple,(ON,LightBedroom (0)) (simple,(OFF,LightBedroom (0)) (simple,(ON,BedroomDoor (0)) (simple,(OFF,BedroomDoor (0)) (simple,(ON,Entrance (0)) (simple,(ON,Corridor (0)) (simple,(OFF,Entrance (0)) (simple,(OFF,Corridor (0)) (simple,(ON,ToiletMove (0)) (simple,(OFF,ToiletMove (0)) (simple,(ON,Kettle (0)) (simple,(ON,CupboardKitchen6 (0)) (simple,(OFF,CupboardKitchen6 (0)) (simple,(ON,Radio (0)) (simple,(OFF,Kettle (0)) end
0.0 1.0 0.0 0.0 0.0 0.0 0.0 0.0 0.0 0.0 0.0 0.0 0.0 0.0 0.0 0.0 0.0 
0.0 0.0 1.0 0.0 0.0 0.0 0.0 0.0 0.0 0.0 0.0 0.0 0.0 0.0 0.0 0.0 0.0 
0.0 0.0 0.0 1.0 0.0 0.0 0.0 0.0 0.0 0.0 0.0 0.0 0.0 0.0 0.0 0.0 0.0 
0.0 0.0 0.0 0.0 0.7083333333333334 0.20833333333333334 0.08333333333333333 0.0 0.0 0.0 0.0 0.0 0.0 0.0 0.0 0.0 0.0 
0.0 0.0 0.0 0.0 0.0 0.5833333333333334 0.25 0.125 0.0 0.0 0.041666666666666664 0.0 0.0 0.0 0.0 0.0 0.0 
0.0 0.0 0.0 0.0 0.06060606060606061 0.0 0.6060606060606061 0.030303030303030304 0.18181818181818182 0.0 0.0 0.12121212121212122 0.0 0.0 0.0 0.0 0.0 
0.0 0.0 0.0 0.0 0.1111111111111111 0.15555555555555556 0.0 0.3111111111111111 0.28888888888888886 0.0 0.022222222222222223 0.1111111111111111 0.0 0.0 0.0 0.0 0.0 
0.0 0.0 0.0 0.0 0.0 0.0 0.0 0.0 0.65625 0.0625 0.0 0.15625 0.125 0.0 0.0 0.0 0.0 
0.0 0.0 0.0 0.0 0.0 0.0 0.0 0.2 0.0 0.4 0.06666666666666667 0.17777777777777778 0.1111111111111111 0.044444444444444446 0.0 0.0 0.0 
0.0 0.0 0.0 0.0 0.0 0.05 0.0 0.0 0.0 0.0 0.95 0.0 0.0 0.0 0.0 0.0 0.0 
0.0 0.0 0.0 0.0 0.0 0.25 0.7083333333333334 0.041666666666666664 0.0 0.0 0.0 0.0 0.0 0.0 0.0 0.0 0.0 
0.0 0.0 0.0 0.0 0.0 0.0 0.0 0.08333333333333333 0.20833333333333334 0.0 0.0 0.0 0.625 0.0 0.08333333333333333 0.0 0.0 
0.0 0.0 0.0 0.0 0.0 0.0 0.0 0.08333333333333333 0.0 0.0 0.0 0.0 0.0 0.9166666666666666 0.0 0.0 0.0 
0.0 0.0 0.0 0.0 0.0 0.0 0.0 0.0 0.0 0.0 0.0 0.08333333333333333 0.0 0.0 0.8333333333333334 0.08333333333333333 0.0 
0.0 0.0 0.0 0.0 0.0 0.0 0.0 0.0 0.0 0.0 0.0 0.0 0.0 0.0 0.0 1.0 0.0 
0.0 0.0 0.0 0.0 0.0 0.0 0.0 0.0 0.0 0.0 0.0 0.0 0.0 0.0 0.0 0.0 1.0 
0.0 0.0 0.0 0.0 0.0 0.0 0.0 0.0 0.0 0.0 0.0 0.0 0.0 0.0 0.0 0.0 0.0 
