start (simple,(ON,LightBedroom (0)) (simple,(OFF,LightBedroom (0)) (simple,(ON,BedroomDoor (0)) (simple,(OFF,BedroomDoor (0)) (simple,(ON,CorridorFrontMove (0)) (simple,(ON,CorridorMove (0)) (unordered,((ON,Kettle (0)) & (OFF,CorridorFrontMove (0)) & (OFF,CorridorMove (0)) (simple,(ON,ToiletMove (0)) (simple,(OFF,ToiletMove (0)) (simple,(ON,CupboardKitchen6 (0)) (simple,(OFF,CupboardKitchen6 (0)) (simple,(ON,Radio (0)) (simple,(OFF,Kettle (0)) end
0.0 1.0 0.0 0.0 0.0 0.0 0.0 0.0 0.0 0.0 0.0 0.0 0.0 0.0 0.0 
0.0 0.0 1.0 0.0 0.0 0.0 0.0 0.0 0.0 0.0 0.0 0.0 0.0 0.0 0.0 
0.0 0.0 0.0 1.0 0.0 0.0 0.0 0.0 0.0 0.0 0.0 0.0 0.0 0.0 0.0 
0.0 0.0 0.0 0.0 0.7083333333333334 0.20833333333333334 0.08333333333333333 0.0 0.0 0.0 0.0 0.0 0.0 0.0 0.0 
0.0 0.0 0.0 0.0 0.0 0.5833333333333334 0.25 0.125 0.0 0.041666666666666664 0.0 0.0 0.0 0.0 0.0 
0.0 0.0 0.0 0.0 0.06060606060606061 0.0 0.6060606060606061 0.3333333333333333 0.0 0.0 0.0 0.0 0.0 0.0 0.0 
0.0 0.0 0.0 0.0 0.1111111111111111 0.15555555555555556 0.0 0.7111111111111111 0.0 0.022222222222222223 0.0 0.0 0.0 0.0 0.0 
0.0 0.0 0.0 0.0 0.0 0.0 0.0 0.0 0.39215686274509803 0.058823529411764705 0.47058823529411764 0.0392156862745098 0.0392156862745098 0.0 0.0 
0.0 0.0 0.0 0.0 0.0 0.05 0.0 0.0 0.0 0.95 0.0 0.0 0.0 0.0 0.0 
0.0 0.0 0.0 0.0 0.0 0.25 0.7083333333333334 0.041666666666666664 0.0 0.0 0.0 0.0 0.0 0.0 0.0 
0.0 0.0 0.0 0.0 0.0 0.0 0.0 0.08333333333333333 0.0 0.0 0.0 0.9166666666666666 0.0 0.0 0.0 
0.0 0.0 0.0 0.0 0.0 0.0 0.0 0.08333333333333333 0.0 0.0 0.0 0.0 0.8333333333333334 0.08333333333333333 0.0 
0.0 0.0 0.0 0.0 0.0 0.0 0.0 0.0 0.0 0.0 0.0 0.0 0.0 1.0 0.0 
0.0 0.0 0.0 0.0 0.0 0.0 0.0 0.0 0.0 0.0 0.0 0.0 0.0 0.0 1.0 
0.0 0.0 0.0 0.0 0.0 0.0 0.0 0.0 0.0 0.0 0.0 0.0 0.0 0.0 0.0 
