start (simple,(ON,LightBedroom (0)) (simple,(OFF,LightBedroom (0)) (simple,(ON,BedroomDoor (0)) (simple,(OFF,BedroomDoor (0)) (simple,(ON,Entrance (0)) (simple,(ON,Entrance (1)) (simple,(ON,Corridor (0)) (simple,(ON,Corridor (1)) (simple,(ON,Toilet (0)) (simple,(OFF,Entrance (0)) (simple,(OFF,Corridor (0)) (simple,(OFF,Corridor (1)) (simple,(OFF,Toilet (0)) (simple,(ON,Kettle (0)) (simple,(ON,Cupboard6 (0)) (simple,(OFF,Cupboard6 (0)) (simple,(ON,Radio (0)) (simple,(OFF,Kettle (0)) end
0.0 1.0 0.0 0.0 0.0 0.0 0.0 0.0 0.0 0.0 0.0 0.0 0.0 0.0 0.0 0.0 0.0 0.0 0.0 0.0 
0.0 0.0 1.0 0.0 0.0 0.0 0.0 0.0 0.0 0.0 0.0 0.0 0.0 0.0 0.0 0.0 0.0 0.0 0.0 0.0 
0.0 0.0 0.0 1.0 0.0 0.0 0.0 0.0 0.0 0.0 0.0 0.0 0.0 0.0 0.0 0.0 0.0 0.0 0.0 0.0 
0.0 0.0 0.0 0.0 1.0 0.0 0.0 0.0 0.0 0.0 0.0 0.0 0.0 0.0 0.0 0.0 0.0 0.0 0.0 0.0 
0.0 0.0 0.0 0.0 0.0 0.8888888888888888 0.0 0.1111111111111111 0.0 0.0 0.0 0.0 0.0 0.0 0.0 0.0 0.0 0.0 0.0 0.0 
0.0 0.0 0.0 0.0 0.0 0.0 0.0 0.8888888888888888 0.0 0.1111111111111111 0.0 0.0 0.0 0.0 0.0 0.0 0.0 0.0 0.0 0.0 
0.0 0.0 0.0 0.0 0.0 0.0 0.0 0.0 0.1111111111111111 0.0 0.0 0.0 0.0 0.0 0.8888888888888888 0.0 0.0 0.0 0.0 0.0 
0.0 0.0 0.0 0.0 0.0 0.1111111111111111 0.0 0.0 0.0 0.7777777777777778 0.1111111111111111 0.0 0.0 0.0 0.0 0.0 0.0 0.0 0.0 0.0 
0.0 0.0 0.0 0.0 0.0 0.0 0.8888888888888888 0.0 0.0 0.0 0.0 0.0 0.0 0.0 0.1111111111111111 0.0 0.0 0.0 0.0 0.0 
0.0 0.0 0.0 0.0 0.0 0.0 0.0 0.0 0.0 0.0 0.7777777777777778 0.1111111111111111 0.0 0.1111111111111111 0.0 0.0 0.0 0.0 0.0 0.0 
0.0 0.0 0.0 0.0 0.0 0.0 0.0 0.0 0.0 0.0 0.0 0.45714285714285713 0.02857142857142857 0.05714285714285714 0.0 0.45714285714285713 0.0 0.0 0.0 0.0 
0.0 0.0 0.0 0.0 0.0 0.0 0.0 0.0 0.0 0.1111111111111111 0.1111111111111111 0.0 0.0 0.7777777777777778 0.0 0.0 0.0 0.0 0.0 0.0 
0.0 0.0 0.0 0.0 0.0 0.0 0.0 0.0 0.0 0.0 0.8888888888888888 0.0 0.0 0.0 0.0 0.1111111111111111 0.0 0.0 0.0 0.0 
0.0 0.0 0.0 0.0 0.0 0.0 0.1111111111111111 0.0 0.8888888888888888 0.0 0.0 0.0 0.0 0.0 0.0 0.0 0.0 0.0 0.0 0.0 
0.0 0.0 0.0 0.0 0.0 0.0 0.0 0.0 0.0 0.0 0.05555555555555555 0.0 0.9444444444444444 0.0 0.0 0.0 0.0 0.0 0.0 0.0 
0.0 0.0 0.0 0.0 0.0 0.0 0.0 0.0 0.0 0.0 0.0 0.0 0.0 0.0 0.0 0.0 1.0 0.0 0.0 0.0 
0.0 0.0 0.0 0.0 0.0 0.0 0.0 0.0 0.0 0.0 0.0 0.0 0.0 0.0 0.0 0.0 0.0 1.0 0.0 0.0 
0.0 0.0 0.0 0.0 0.0 0.0 0.0 0.0 0.0 0.0 0.0 0.0 0.0 0.0 0.0 0.0 0.0 0.0 1.0 0.0 
0.0 0.0 0.0 0.0 0.0 0.0 0.0 0.0 0.0 0.0 0.0 0.0 0.0 0.0 0.0 0.0 0.0 0.0 0.0 1.0 
0.0 0.0 0.0 0.0 0.0 0.0 0.0 0.0 0.0 0.0 0.0 0.0 0.0 0.0 0.0 0.0 0.0 0.0 0.0 0.0 
