start (simple,(ON,LightBedroom (0)) (simple,(OFF,LightBedroom (0)) (simple,(ON,BedroomDoor (0)) (simple,(ON,Entrance (0)) (simple,(ON,CorridorMove (0)) (simple,(ON,CorridorMove (1)) (simple,(OFF,BedroomDoor (0)) (simple,(ON,ToiletMove (0)) (unordered,((OFF,Entrance (0)) & (OFF,CorridorMove (0)) (simple,(OFF,ToiletMove (0)) (simple,(ON,Kettle (0)) (simple,(ON,CupboardKitchen6 (0)) (simple,(OFF,CupboardKitchen6 (0)) (simple,(OFF,Kettle (0)) end
0.0 1.0 0.0 0.0 0.0 0.0 0.0 0.0 0.0 0.0 0.0 0.0 0.0 0.0 0.0 0.0 
0.0 0.0 1.0 0.0 0.0 0.0 0.0 0.0 0.0 0.0 0.0 0.0 0.0 0.0 0.0 0.0 
0.0 0.0 0.0 0.9473684210526315 0.0 0.05263157894736842 0.0 0.0 0.0 0.0 0.0 0.0 0.0 0.0 0.0 0.0 
0.0 0.0 0.0 0.0 0.7777777777777778 0.2222222222222222 0.0 0.0 0.0 0.0 0.0 0.0 0.0 0.0 0.0 0.0 
0.0 0.0 0.0 0.0 0.0 0.3611111111111111 0.027777777777777776 0.16666666666666666 0.0 0.4166666666666667 0.0 0.027777777777777776 0.0 0.0 0.0 0.0 
0.0 0.0 0.0 0.0 0.2631578947368421 0.0 0.0 0.631578947368421 0.10526315789473684 0.0 0.0 0.0 0.0 0.0 0.0 0.0 
0.0 0.0 0.0 0.0 0.6842105263157895 0.0 0.0 0.0 0.0 0.15789473684210525 0.15789473684210525 0.0 0.0 0.0 0.0 0.0 
0.0 0.0 0.0 0.0 0.0 0.05555555555555555 0.0 0.0 0.9444444444444444 0.0 0.0 0.0 0.0 0.0 0.0 0.0 
0.0 0.0 0.0 0.0 0.0 0.0 0.0 0.0 0.0 1.0 0.0 0.0 0.0 0.0 0.0 0.0 
0.0 0.0 0.0 0.0 0.0 0.0 0.08108108108108109 0.0 0.0 0.0 0.43243243243243246 0.4594594594594595 0.02702702702702703 0.0 0.0 0.0 
0.0 0.0 0.0 0.0 0.21052631578947367 0.0 0.7894736842105263 0.0 0.0 0.0 0.0 0.0 0.0 0.0 0.0 0.0 
0.0 0.0 0.0 0.0 0.0 0.0 0.0 0.0 0.0 0.0 0.0 0.0 0.8947368421052632 0.0 0.10526315789473684 0.0 
0.0 0.0 0.0 0.0 0.0 0.0 0.0 0.0 0.0 0.0 0.0 0.0 0.0 1.0 0.0 0.0 
0.0 0.0 0.0 0.0 0.0 0.0 0.0 0.0 0.0 0.0 0.0 0.05263157894736842 0.05263157894736842 0.0 0.8947368421052632 0.0 
0.0 0.0 0.0 0.0 0.0 0.0 0.0 0.0 0.0 0.0 0.0 0.0 0.0 0.0 0.0 1.0 
0.0 0.0 0.0 0.0 0.0 0.0 0.0 0.0 0.0 0.0 0.0 0.0 0.0 0.0 0.0 0.0 
